1
11,7,18,-1
44,170,118
196,-51,-63,55,
-187,56,-98,-60,
2
135,-14,155,34
-115,130,174
-23,-81,-193,137,
71,120,113,-132,
3
135,-34,144,14
156,68,51
-120,-165,8,12,
-19,-25,-36,51,
4
-108,-91,-78,-137,
-150,94,27
-178,-69,97,188,
146,-25,135,-145,
5
-116,138,7,-113,
182,-3,264
61,48,-129,182,
-154,48,179,-187,
6
105,189,-64,-63,
-19,127,276
-32,2,116,75,
160,35,-34,75,
7
-100,-61,67,65,
24,9,223
-112,134,19,195,
-115,42,89,200,
8
-198,133,-22,64,
25,186,325
138,51,164,31,
116,5,-184,-5,
9
-186,162,28,-157,
97,166,233
-57,-115,-116,126,
-115,37,0,-168,
10
-194,67,-99,67,
188,162,167
89,132,160,-191,
169,89,-21,59,
